60
8533.74	14069.72
7888.96	13458.92
5413.92	10795.93
10282.74	13233.01
8522.05	19782.64
3724.93	11023.54
9034.29	13905.95
9414.01	20002.39
8425.17	15083.29
2548.28	14819.39
9108.61	18061.07
9799.71	9976.35
4411.41	15321.41
8979.85	9887.61
2773.37	17344.38
9062.91	18303.35
5949.34	11927.87
2612.22	17284.87
9411.24	18901.26
8681.92	15839.09
5991.14	15859.14
8387.98	15276.75
8952.75	15385.93
7373.33	19127.67
8134.35	15980.87
6777.99	19504.36
7409.6	17485.7
8335.74	15264.54
2840.97	12939.9
8457.52	18290.62
10567.7	17452.92
8579.75	14232.21
6497.53	13353.19
11459.68	12863.42
8130.93	18009.5
9175.95	19259.25
8536.27	18724.19
7710.83	15777.95
6644.33	19963.63
4544.4	11597.74
8470.13	18628.54
9784.1	13704.06
9481.82	13893.64
6864.46	17918.96
9691.51	14469.51
8962.03	9850.65
8444.6	17809.91
7433.55	11468.55
6315.37	19679.65
11098.3	17012.28
3478.66	15122.84
6626.3	14683.51
5601.86	16133.45
4698.85	17116.44
7137.32	14854.3
1669.85	15592.74
6083.81	17829.49
6235.86	16287.05
9614.01	11798.0
8208.2	14557.92